232
447
2819
5342
8739
9348
9755
10340
10919
10996
11479
11868
11964
12194
12447
12566
13297
13498
14832
14876
14908
15111
15428
16188
16515
16695
16910
17071
17190
17539
18039
18125
19110
19809
19994
20033
20258
20788
20817
21703
21995
22550
22691
23241
23430
23440
23968
24056
24380
24462
24863
25629
25846
27019
27272
27325
27667
27698
28639
28856
30132
30257
30474
30825
31138
31289
31463
32443
32613
33435
34888
35354
35555
35743
35765
35777
35904
36565
36775
37104
37435
37511
40155
41114
41763
42515
42680
43310
44127
44267
44331
44996
45019
45602
46414
46419
46530
47003
47926
49214
50116
50942
51450
52096
52336
53217
53497
53780
53807
54794
54931
56316
56581
56771
56962
58152
58160
58350
59579
60239
60246
61879
62272
62879
63191
64181
64190
64988
