190
232
447
668
792
819
1091
1156
1331
1899
1967
2026
2234
2371
2425
2819
2853
2856
2991
3104
3674
3841
4208
4519
4586
4708
4905
4955
5001
5067
5151
5220
5296
5318
5320
5342
5357
6263
6387
6517
6580
6612
6671
6691
6750
7251
7392
7424
7665
8105
8110
8189
8317
8453
8562
8739
8824
8875
9325
9348
9467
9750
9755
9780
9782
9959
10191
10232
10253
10321
10338
10340
10354
10622
10670
10719
10919
10996
11070
11178
11479
11492
11868
11875
11918
11964
12137
12161
12173
12194
12218
12369
12447
12566
12804
12913
13297
13498
13673
13739
13874
13884
13914
13968
14224
14283
14639
14736
14801
14832
14876
14908
14989
15111
15428
15515
15591
15700
15717
15860
15918
15969
15990
16000
16188
16243
16377
16467
16515
16548
16695
16709
16910
17071
17190
17473
17539
17880
18028
18039
18080
18125
18130
18471
18553
18606
18822
18866
18984
19110
19112
19121
19170
19703
19809
19882
19924
19944
19994
20033
20258
20352
20443
20461
20788
20817
20856
21040
21129
21190
21488
21703
21713
21845
21961
21995
22026
22088
22550
22691
22814
23241
23430
23440
23503
23957
23968
24009
24056
24111
24380
24440
24462
24541
24599
24829
24863
25029
25050
25629
25742
25846
25919
26132
26208
26256
26274
26299
26450
26837
26893
26908
27019
27200
27272
27302
27325
27447
27659
27667
27698
27855
27938
28003
28010
28174
28496
28639
28856
28945
29002
29576
29609
29883
30069
30132
30257
30474
30825
31138
31182
31215
31262
31289
31387
31463
31879
31979
32148
32293
32303
32443
32533
32586
32602
32613
32692
32694
32731
32993
33383
33435
33467
33612
33797
33813
34078
34507
34833
34888
34922
34932
35001
35288
35354
35430
35555
35689
35743
35765
35777
35904
35976
36052
36174
36303
36314
36411
36453
36485
36565
36740
36775
36884
36941
37104
37435
37511
37599
37643
37808
37941
37978
37982
38043
38392
38574
38713
38855
39320
39392
39773
40029
40155
40218
40276
40505
40739
40943
40998
41114
41143
41494
41648
41763
41933
41948
42000
42050
42321
42515
42536
42550
42680
43253
43310
43375
43505
43614
43641
43732
43985
44127
44199
44267
44277
44331
44483
44773
44905
44975
44996
45019
45252
45405
45479
45497
45602
45643
45737
45839
45860
45990
46242
46287
46333
46414
46419
46456
46501
46529
46530
46581
46943
46946
47003
47101
47382
47526
47571
47608
47894
47926
49033
49130
49214
49439
49560
49676
49808
49935
50085
50116
50142
50201
50723
50867
50942
51051
51053
51116
51195
51450
51525
51742
52021
52096
52228
52336
52437
52497
52831
53079
53217
53281
53497
53629
53694
53780
53807
53825
54486
54539
54794
54931
55003
55076
55103
55148
55328
55481
55715
56014
56060
56257
56288
56316
56404
56581
56586
56752
56771
56962
57078
57145
57519
57572
57682
57811
57895
58152
58159
58160
58350
58409
58628
58919
59079
59205
59439
59443
59521
59579
59618
59641
59815
60062
60239
60246
60528
60539
60556
60851
60895
60993
61239
61410
61661
61834
61879
61992
62077
62272
62333
62403
62809
62825
62833
62871
62879
62888
63109
63167
63191
63538
63728
63922
63937
63941
63951
64159
64181
64190
64305
64372
64592
64678
64841
64957
64982
64988
64993
