38
124
169
175
190
190
197
221
232
270
371
379
447
452
457
478
525
586
595
634
644
668
680
714
745
780
792
808
819
831
984
1091
1092
1156
1269
1308
1331
1486
1524
1571
1591
1602
1613
1688
1693
1696
1704
1829
1850
1899
1961
1967
1967
1988
2026
2037
2056
2136
2197
2208
2234
2280
2286
2332
2338
2371
2395
2425
2473
2476
2487
2513
2661
2693
2753
2754
2776
2819
2826
2843
2844
2853
2856
2888
2909
2937
2982
2991
3004
3104
3110
3184
3226
3260
3310
3318
3468
3469
3522
3638
3674
3688
3694
3814
3831
3841
3885
3944
3960
4149
4154
4171
4208
4215
4291
4328
4341
4357
4372
4396
4404
4419
4425
4459
4461
4484
4494
4519
4530
4560
4586
4590
4611
4641
4643
4648
4683
4691
4695
4698
4708
4804
4884
4885
4905
4908
4955
5001
5049
5067
5134
5151
5154
5191
5192
5218
5220
5240
5282
5296
5318
5318
5320
5330
5342
5357
5469
5492
5533
5555
5597
5606
5722
5725
5745
5760
5798
5807
5829
5863
5886
6045
6119
6206
6215
6218
6230
6263
6310
6361
6387
6410
6452
6517
6523
6580
6612
6671
6676
6691
6750
6819
6838
6893
6914
6970
7005
7008
7053
7056
7080
7105
7112
7140
7153
7172
7176
7251
7268
7327
7386
7392
7424
7453
7512
7543
7634
7665
7766
7893
7919
7966
8025
8035
8105
8110
8110
8119
8147
8183
8189
8310
8316
8317
8327
8453
8453
8540
8558
8562
8595
8671
8739
8755
8761
8783
8789
8824
8832
8844
8875
8901
9028
9263
9293
9304
9325
9337
9348
9402
9418
9436
9467
9474
9481
9482
9576
9606
9653
9748
9750
9755
9777
9780
9782
9797
9848
9850
9959
9970
10042
10080
10087
10191
10191
10232
10253
10258
10278
10321
10338
10338
10340
10354
10366
10478
10534
10536
10622
10658
10670
10702
10719
10721
10727
10734
10736
10764
10847
10919
10996
11070
11079
11103
11106
11154
11158
11178
11204
11228
11329
11416
11430
11435
11440
11479
11492
11506
11513
11530
11613
11664
11680
11771
11833
11833
11868
11871
11875
11891
11914
11918
11933
11943
11956
11964
11966
12001
12013
12066
12137
12161
12173
12177
12188
12194
12218
12308
12369
12419
12447
12448
12481
12547
12561
12566
12584
12590
12629
12697
12742
12757
12792
12804
12850
12913
12948
12957
13086
13119
13221
13247
13266
13270
13297
13346
13398
13498
13556
13602
13665
13673
13701
13717
13737
13739
13766
13770
13774
13780
13821
13847
13850
13855
13874
13884
13914
13968
14004
14013
14040
14062
14115
14164
14167
14178
14223
14224
14283
14303
14352
14364
14373
14438
14486
14502
14584
14639
14736
14743
14743
14747
14772
14786
14801
14820
14832
14841
14876
14908
14989
14999
15002
15017
15036
15076
15094
15111
15166
15285
15377
15428
15515
15591
15603
15639
15700
15717
15734
15785
15860
15902
15918
15963
15969
15981
15982
15990
16000
16033
16085
16131
16136
16149
16167
16188
16204
16243
16262
16274
16287
16344
16377
16402
16467
16496
16509
16515
16535
16548
16624
16642
16695
16709
16716
16725
16766
16797
16854
16910
16913
16926
17071
17077
17104
17111
17190
17252
17260
17270
17313
17359
17376
17404
17424
17473
17539
17599
17875
17880
17921
17940
17976
17982
18000
18025
18028
18039
18076
18080
18094
18109
18125
18130
18186
18199
18208
18264
18336
18357
18366
18421
18445
18471
18519
18537
18553
18585
18606
18654
18668
18700
18716
18740
18822
18866
18874
18984
19002
19041
19059
19075
19096
19110
19112
19118
19121
19128
19137
19170
19172
19192
19222
19230
19261
19285
19333
19356
19370
19372
19418
19429
19453
19463
19495
19541
19549
19550
19612
19703
19756
19767
19775
19789
19809
19882
19911
19924
19925
19943
19944
19954
19994
20033
20111
20132
20159
20258
20276
20280
20288
20336
20344
20346
20352
20373
20443
20461
20469
20477
20553
20556
20564
20568
20647
20732
20733
20788
20806
20817
20837
20839
20845
20856
20883
20921
20929
21017
21023
21039
21040
21070
21078
21129
21190
21273
21303
21453
21488
21528
21703
21713
21736
21759
21845
21849
21870
21905
21940
21961
21995
22026
22033
22079
22084
22088
22089
22094
22101
22249
22258
22267
22271
22283
22328
22430
22447
22464
22502
22550
22650
22656
22691
22708
22709
22711
22793
22814
22833
22862
22866
22905
22970
23044
23051
23241
23328
23430
23440
23442
23503
23521
23589
23633
23649
23720
23785
23843
23907
23957
23968
23995
24008
24009
24012
24056
24111
24118
24134
24137
24144
24190
24243
24248
24249
24255
24303
24316
24317
24329
24356
24380
24405
24440
24462
24466
24488
24534
24541
24599
24604
24639
24747
24829
24832
24853
24863
24982
24987
25029
25050
25102
25106
25106
25107
25262
25281
25323
25396
25417
25421
25444
25528
25531
25629
25684
25742
25843
25846
25853
25864
25886
25914
25919
25940
26025
26030
26061
26072
26121
26132
26134
26146
26163
26208
26228
26256
26263
26274
26299
26317
26350
26368
26391
26408
26450
26481
26541
26609
26628
26837
26893
26908
26939
26974
27012
27019
27054
27143
27155
27168
27192
27200
27228
27241
27272
27302
27310
27310
27325
27348
27447
27457
27495
27537
27544
27546
27554
27605
27637
27638
27644
27659
27667
27698
27706
27756
27814
27829
27855
27885
27938
27940
27958
28003
28010
28069
28071
28153
28170
28174
28210
28211
28257
28286
28304
28315
28402
28425
28441
28492
28496
28579
28610
28617
28622
28639
28677
28730
28751
28753
28775
28832
28856
28891
28898
28931
28945
28982
28995
29002
29021
29031
29067
29072
29072
29087
29092
29199
29216
29249
29322
29341
29390
29440
29527
29576
29609
29652
29712
29724
29755
29819
29883
29953
29972
30001
30011
30069
30087
30132
30172
30189
30212
30221
30257
30290
30311
30328
30376
30384
30425
30474
30482
30482
30486
30504
30586
30590
30657
30681
30701
30732
30741
30767
30797
30825
30840
30851
30893
30984
31007
31057
31058
31138
31143
31168
31182
31212
31215
31254
31262
31264
31289
31387
31396
31463
31511
31525
31547
31562
31617
31634
31640
31696
31699
31761
31772
31779
31869
31879
31891
31929
31979
32048
32121
32148
32183
32196
32280
32293
32303
32323
32355
32357
32408
32443
32528
32533
32549
32586
32602
32613
32692
32694
32731
32748
32827
32834
32912
32968
32976
32993
33081
33082
33112
33143
33161
33207
33248
33383
33435
33443
33467
33486
33487
33583
33612
33615
33641
33673
33721
33721
33787
33797
33813
33815
33853
33883
33893
33899
33942
33955
33956
33972
34022
34078
34116
34147
34272
34305
34306
34466
34507
34566
34600
34630
34650
34685
34707
34737
34750
34801
34833
34871
34875
34888
34892
34900
34909
34922
34932
34955
34977
35001
35019
35046
35051
35099
35104
35120
35139
35173
35226
35238
35243
35249
35288
35306
35336
35354
35366
35390
35428
35430
35493
35515
35555
35571
35574
35575
35595
35643
35658
35689
35690
35694
35743
35765
35777
35788
35895
35896
35904
35939
35954
35967
35976
36012
36020
36045
36047
36052
36122
36129
36136
36140
36174
36174
36303
36314
36353
36386
36411
36453
36467
36485
36492
36565
36568
36574
36631
36689
36705
36740
36773
36775
36805
36884
36941
36969
36985
37067
37104
37136
37139
37145
37155
37181
37327
37379
37387
37407
37435
37451
37494
37511
37539
37552
37559
37599
37643
37656
37677
37688
37708
37760
37808
37809
37824
37932
37934
37941
37959
37965
37978
37982
38043
38107
38119
38161
38192
38206
38304
38327
38357
38361
38392
38392
38401
38446
38485
38574
38623
38653
38711
38713
38757
38800
38823
38855
38944
39015
39034
39072
39140
39146
39178
39242
39300
39320
39355
39392
39414
39424
39488
39532
39540
39547
39555
39595
39610
39690
39744
39773
39821
39848
39881
39902
39924
40027
40029
40101
40144
40155
40158
40167
40218
40276
40282
40309
40357
40438
40444
40491
40505
40590
40739
40764
40915
40919
40943
40966
40998
41011
41019
41080
41114
41118
41143
41158
41174
41182
41205
41231
41237
41289
41301
41367
41377
41393
41429
41433
41436
41494
41527
41549
41550
41579
41648
41703
41763
41792
41795
41801
41807
41896
41933
41948
41980
41999
42000
42050
42104
42116
42138
42142
42172
42176
42194
42243
42264
42291
42321
42326
42489
42515
42536
42536
42550
42567
42587
42590
42593
42641
42680
42781
42798
42816
42909
42974
43022
43130
43134
43195
43228
43234
43240
43253
43255
43266
43310
43364
43375
43457
43479
43505
43518
43532
43539
43544
43593
43614
43622
43630
43641
43727
43732
43736
43776
43796
43839
43906
43985
44010
44072
44093
44099
44113
44115
44127
44199
44211
44267
44277
44331
44422
44483
44498
44510
44513
44536
44539
44595
44669
44742
44747
44773
44819
44849
44858
44860
44860
44864
44905
44937
44953
44956
44975
44996
45013
45019
45069
45087
45130
45202
45210
45222
45223
45252
45254
45296
45364
45372
45379
45405
45427
45454
45467
45479
45497
45507
45539
45546
45602
45642
45643
45671
45714
45737
45755
45755
45839
45860
45916
45937
45967
45978
45990
46104
46163
46172
46181
46184
46201
46203
46242
46287
46299
46333
46376
46400
46414
46419
46456
46480
46484
46501
46513
46529
46530
46537
46541
46566
46576
46581
46591
46626
46696
46703
46710
46758
46763
46858
46943
46946
46989
47002
47003
47027
47057
47059
47101
47113
47161
47300
47305
47311
47382
47404
47456
47476
47487
47501
47526
47571
47608
47647
47664
47741
47743
47747
47749
47809
47855
47892
47894
47926
47979
47997
48009
48024
48050
48052
48054
48081
48104
48293
48367
48394
48398
48423
48428
48509
48533
48539
48577
48651
48704
48721
48848
48853
48908
48955
49016
49033
49130
49139
49150
49161
49214
49219
49234
49257
49321
49406
49439
49511
49560
49625
49629
49652
49676
49738
49759
49785
49808
49846
49895
49902
49935
50023
50071
50085
50085
50104
50116
50142
50149
50201
50215
50217
50229
50248
50273
50316
50370
50459
50471
50503
50503
50538
50591
50615
50677
50679
50683
50722
50723
50730
50738
50755
50842
50867
50894
50898
50903
50908
50942
50959
50973
50998
51020
51050
51051
51053
51056
51074
51110
51116
51195
51267
51288
51297
51302
51347
51393
51450
51525
51622
51698
51700
51742
51802
51807
51819
51868
51956
52010
52021
52026
52096
52204
52209
52228
52269
52275
52291
52330
52336
52371
52399
52402
52437
52444
52479
52493
52497
52501
52520
52540
52572
52597
52655
52735
52774
52831
52838
52854
52861
52865
52877
52898
53020
53065
53079
53190
53217
53281
53327
53345
53368
53372
53419
53497
53536
53552
53611
53629
53654
53663
53667
53694
53780
53792
53807
53825
53836
53870
53879
53899
53922
53938
54003
54033
54094
54108
54125
54171
54185
54195
54310
54345
54386
54396
54479
54486
54490
54539
54663
54677
54723
54748
54778
54794
54806
54813
54822
54872
54927
54931
54946
55003
55010
55011
55015
55076
55080
55103
55142
55148
55204
55210
55214
55236
55250
55283
55310
55311
55314
55328
55382
55407
55475
55481
55492
55504
55551
55614
55614
55622
55640
55651
55655
55715
55757
55764
55768
55776
55790
55800
55810
55821
55852
55872
55898
55932
56014
56016
56048
56057
56060
56090
56169
56202
56208
56257
56288
56316
56320
56404
56420
56423
56433
56462
56466
56475
56548
56581
56586
56622
56638
56671
56684
56695
56752
56769
56771
56789
56811
56817
56826
56913
56962
56969
57014
57078
57145
57271
57310
57316
57341
57383
57448
57478
57519
57562
57572
57605
57634
57643
57655
57682
57718
57777
57779
57811
57889
57895
57946
57978
58014
58017
58046
58072
58152
58159
58160
58166
58183
58237
58240
58256
58303
58343
58343
58350
58353
58409
58425
58496
58497
58526
58531
58628
58919
58971
59066
59079
59083
59135
59162
59205
59209
59271
59281
59367
59415
59439
59443
59458
59461
59506
59521
59529
59579
59601
59618
59641
59701
59722
59731
59815
59869
59888
59914
59980
60023
60029
60062
60129
60163
60218
60239
60246
60336
60343
60347
60355
60367
60368
60528
60539
60556
60570
60578
60597
60627
60664
60696
60715
60777
60817
60848
60851
60895
60993
61060
61128
61220
61239
61253
61384
61410
61450
61464
61469
61661
61663
61692
61755
61834
61838
61879
61884
61913
61992
62024
62035
62038
62077
62091
62108
62124
62221
62241
62263
62265
62272
62275
62333
62403
62415
62426
62451
62456
62493
62570
62595
62616
62630
62713
62739
62809
62825
62833
62835
62850
62871
62873
62879
62880
62884
62888
62905
62914
62920
62986
63098
63109
63110
63160
63167
63171
63191
63198
63200
63253
63300
63398
63404
63440
63442
63461
63491
63497
63521
63530
63530
63538
63548
63565
63629
63661
63720
63728
63759
63784
63813
63822
63913
63913
63922
63923
63937
63941
63951
64143
64159
64160
64181
64190
64211
64215
64305
64323
64372
64454
64576
64592
64650
64678
64701
64826
64829
64841
64850
64957
64982
64988
64990
64993
65063
65078
65092
65194
65323
65395
