12
12
15
18
34
37
38
41
46
59
69
88
108
115
124
156
156
158
169
169
175
190
190
194
197
198
211
221
224
232
234
249
258
269
270
272
297
299
312
314
320
333
371
379
380
400
413
420
423
437
441
447
452
457
461
465
470
477
478
505
513
521
525
533
541
550
554
554
586
591
594
595
614
618
622
630
631
634
637
644
656
658
658
662
662
664
666
668
671
676
680
686
689
690
696
699
700
704
714
734
735
742
745
766
769
774
780
786
792
803
804
808
819
830
831
831
832
883
890
899
927
929
952
953
959
977
984
993
994
1013
1019
1034
1052
1069
1071
1077
1091
1092
1099
1122
1124
1135
1139
1146
1150
1156
1161
1165
1177
1177
1188
1213
1216
1234
1235
1238
1239
1243
1247
1250
1254
1264
1267
1269
1269
1284
1298
1308
1319
1331
1340
1345
1347
1353
1366
1370
1378
1392
1410
1412
1420
1436
1437
1437
1449
1471
1484
1486
1487
1490
1492
1493
1509
1511
1520
1524
1549
1549
1569
1571
1587
1591
1598
1602
1604
1613
1635
1662
1668
1684
1688
1693
1694
1696
1704
1708
1712
1716
1750
1751
1752
1762
1763
1766
1770
1801
1822
1826
1829
1836
1843
1850
1851
1871
1876
1885
1893
1897
1899
1923
1923
1932
1936
1936
1948
1959
1961
1967
1967
1974
1987
1988
2000
2001
2010
2017
2026
2035
2037
2040
2040
2053
2056
2067
2073
2078
2096
2117
2120
2129
2130
2130
2132
2136
2142
2153
2155
2159
2164
2186
2190
2196
2197
2208
2220
2220
2221
2223
2234
2235
2252
2252
2260
2280
2280
2286
2317
2332
2336
2338
2354
2356
2364
2371
2378
2381
2385
2386
2388
2389
2395
2399
2402
2413
2422
2425
2433
2448
2473
2476
2477
2478
2480
2487
2497
2513
2524
2527
2528
2532
2555
2560
2572
2579
2595
2603
2604
2634
2634
2641
2653
2661
2679
2682
2693
2701
2718
2726
2729
2749
2753
2754
2757
2776
2799
2800
2803
2815
2819
2820
2826
2828
2834
2834
2843
2844
2846
2848
2853
2856
2859
2865
2884
2888
2909
2924
2937
2947
2948
2965
2982
2991
2999
3001
3004
3006
3008
3021
3024
3034
3104
3110
3118
3142
3184
3197
3199
3217
3222
3226
3235
3240
3241
3249
3249
3251
3260
3272
3302
3310
3318
3336
3345
3366
3394
3406
3408
3423
3452
3466
3468
3469
3498
3516
3522
3525
3537
3537
3542
3544
3549
3552
3597
3600
3613
3628
3638
3645
3664
3668
3672
3674
3679
3681
3684
3688
3688
3694
3708
3718
3719
3751
3754
3758
3767
3773
3795
3814
3828
3831
3833
3841
3865
3880
3885
3894
3897
3909
3943
3944
3950
3960
3962
4000
4026
4036
4039
4043
4052
4061
4061
4070
4085
4109
4117
4149
4154
4166
4171
4177
4208
4210
4212
4215
4221
4221
4226
4249
4257
4260
4263
4275
4279
4283
4291
4313
4317
4328
4329
4337
4341
4343
4346
4353
4355
4357
4372
4373
4387
4396
4397
4404
4410
4419
4425
4425
4459
4461
4467
4471
4474
4476
4484
4494
4503
4519
4520
4526
4530
4537
4540
4541
4557
4558
4559
4560
4563
4569
4583
4586
4589
4590
4611
4616
4623
4641
4642
4643
4648
4652
4660
4665
4683
4691
4695
4698
4708
4713
4718
4724
4755
4762
4804
4808
4824
4825
4828
4831
4884
4885
4905
4908
4918
4921
4947
4952
4955
4955
4974
4991
5001
5012
5017
5020
5034
5041
5043
5047
5049
5050
5067
5073
5081
5089
5124
5134
5134
5138
5141
5144
5151
5151
5154
5157
5161
5163
5169
5177
5191
5192
5218
5220
5221
5240
5244
5248
5261
5264
5269
5272
5282
5291
5296
5298
5309
5311
5318
5318
5320
5320
5322
5326
5326
5330
5342
5351
5355
5357
5359
5364
5377
5378
5407
5423
5440
5465
5467
5469
5477
5492
5497
5501
5516
5522
5523
5533
5553
5554
5555
5556
5556
5559
5565
5577
5586
5589
5597
5600
5606
5612
5634
5648
5649
5657
5705
5719
5722
5725
5728
5745
5754
5759
5760
5768
5771
5798
5799
5807
5813
5825
5829
5835
5840
5843
5852
5859
5861
5863
5882
5886
5896
5903
5915
5915
5919
5944
5952
5966
5973
5973
5991
6013
6015
6018
6026
6028
6030
6030
6032
6037
6045
6048
6078
6082
6082
6085
6088
6091
6119
6129
6131
6153
6154
6156
6162
6203
6204
6206
6207
6211
6215
6218
6221
6230
6233
6234
6235
6236
6238
6239
6250
6261
6263
6301
6307
6310
6317
6329
6351
6361
6364
6365
6365
6366
6382
6387
6396
6403
6410
6416
6421
6424
6442
6445
6452
6461
6500
6501
6505
6517
6523
6535
6536
6553
6558
6560
6560
6561
6574
6574
6580
6585
6586
6598
6612
6612
6614
6625
6637
6653
6668
6671
6672
6676
6677
6686
6686
6691
6696
6737
6750
6757
6757
6766
6785
6788
6802
6813
6813
6819
6838
6838
6839
6848
6850
6870
6882
6884
6893
6905
6914
6933
6934
6940
6944
6966
6970
6985
6994
6994
7005
7007
7008
7009
7012
7017
7025
7034
7053
7056
7071
7077
7080
7084
7089
7090
7105
7112
7121
7140
7153
7154
7170
7172
7175
7176
7182
7187
7190
7192
7192
7210
7226
7251
7251
7252
7258
7268
7323
7324
7327
7335
7342
7345
7365
7374
7385
7386
7392
7393
7393
7403
7406
7409
7421
7424
7429
7448
7453
7456
7473
7476
7491
7509
7510
7512
7540
7543
7566
7568
7588
7593
7602
7610
7617
7622
7632
7634
7635
7655
7656
7665
7672
7675
7699
7701
7710
7714
7726
7751
7752
7753
7755
7766
7769
7787
7795
7796
7812
7829
7841
7852
7859
7864
7893
7898
7919
7920
7955
7956
7957
7966
7975
7988
7995
7997
7998
8004
8005
8013
8025
8035
8043
8076
8105
8110
8110
8111
8112
8114
8119
8125
8147
8152
8183
8189
8201
8209
8211
8232
8238
8243
8245
8250
8252
8257
8263
8280
8288
8303
8307
8310
8314
8316
8316
8317
8321
8327
8328
8340
8347
8370
8403
8405
8421
8453
8453
8464
8468
8469
8495
8501
8512
8516
8539
8539
8540
8540
8558
8562
8572
8595
8625
8636
8661
8661
8662
8671
8682
8688
8692
8696
8739
8746
8755
8761
8761
8763
8776
8783
8785
8789
8791
8792
8803
8819
8824
8832
8836
8836
8844
8853
8861
8867
8874
8875
8889
8898
8901
8945
8959
8969
8978
8994
8995
9010
9017
9028
9034
9036
9060
9080
9083
9084
9094
9097
9116
9123
9125
9141
9150
9152
9157
9177
9192
9203
9231
9263
9273
9293
9302
9303
9304
9325
9337
9343
9348
9365
9373
9382
9393
9399
9401
9402
9407
9418
9418
9420
9428
9436
9458
9465
9467
9468
9468
9474
9474
9481
9482
9502
9512
9525
9527
9529
9545
9547
9547
9553
9561
9568
9576
9598
9598
9606
9620
9628
9645
9650
9653
9653
9653
9654
9669
9672
9687
9689
9718
9732
9740
9746
9748
9750
9755
9756
9771
9774
9777
9780
9782
9797
9843
9848
9850
9856
9881
9888
9888
9936
9957
9959
9970
9980
9982
9983
9988
9990
9991
10007
10007
10010
10018
10023
10027
10042
10059
10076
10076
10077
10080
10082
10087
10090
10102
10128
10131
10146
10190
10191
10191
10198
10201
10231
10232
10238
10241
10244
10253
10258
10278
10312
10318
10321
10326
10328
10336
10338
10338
10340
10354
10361
10361
10366
10367
10368
10375
10377
10385
10397
10410
10416
10442
10445
10450
10478
10481
10486
10487
10490
10501
10519
10522
10528
10532
10534
10536
10539
10550
10559
10575
10576
10587
10591
10622
10628
10634
10641
10643
10647
10658
10662
10669
10670
10677
10679
10682
10686
10689
10702
10709
10719
10719
10721
10721
10727
10728
10734
10734
10736
10747
10747
10751
10764
10782
10787
10808
10847
10854
10855
10868
10881
10881
10891
10901
10916
10917
10919
10936
10941
10947
10948
10955
10963
10977
10991
10996
10998
10998
10998
10999
11023
11035
11054
11055
11056
11056
11064
11067
11070
11074
11078
11079
11095
11100
11103
11106
11107
11116
11137
11141
11154
11158
11162
11175
11176
11176
11178
11181
11198
11204
11211
11222
11228
11232
11237
11241
11253
11259
11267
11280
11282
11283
11294
11295
11307
11317
11328
11329
11353
11363
11372
11393
11408
11415
11416
11430
11430
11435
11440
11453
11453
11467
11471
11473
11479
11488
11492
11494
11506
11509
11513
11520
11530
11556
11558
11574
11578
11584
11587
11592
11613
11623
11625
11626
11632
11640
11647
11658
11664
11680
11704
11709
11721
11764
11764
11769
11771
11781
11781
11783
11789
11800
11819
11829
11833
11833
11833
11839
11843
11845
11847
11851
11851
11857
11868
11871
11875
11876
11877
11881
11891
11891
11899
11914
11918
11924
11926
11933
11937
11943
11945
11950
11956
11958
11961
11964
11966
11981
11988
11990
11995
12000
12001
12003
12003
12013
12017
12066
12081
12100
12105
12131
12137
12141
12146
12161
12173
12173
12174
12174
12177
12182
12186
12188
12194
12194
12196
12218
12219
12221
12234
12244
12258
12283
12291
12292
12308
12324
12326
12353
12361
12363
12369
12375
12379
12382
12383
12390
12408
12419
12433
12440
12441
12447
12448
12449
12462
12481
12487
12495
12499
12503
12508
12508
12519
12521
12530
12531
12534
12540
12545
12547
12555
12561
12566
12566
12571
12584
12589
12590
12629
12629
12663
12669
12674
12680
12692
12697
12708
12717
12723
12732
12733
12742
12747
12757
12778
12789
12792
12804
12814
12819
12833
12843
12846
12850
12861
12865
12875
12894
12911
12913
12917
12948
12957
12963
12970
12989
12997
12998
12999
13002
13004
13006
13027
13032
13041
13052
13075
13085
13086
13090
13094
13102
13119
13144
13154
13163
13183
13193
13195
13221
13224
13235
13238
13239
13247
13266
13270
13274
13279
13297
13301
13339
13343
13346
13349
13398
13408
13454
13455
13465
13472
13482
13495
13498
13520
13524
13524
13535
13535
13536
13542
13556
13570
13571
13573
13575
13578
13585
13588
13594
13602
13636
13644
13657
13660
13665
13667
13673
13677
13682
13694
13701
13704
13717
13737
13739
13743
13746
13750
13757
13766
13770
13774
13776
13780
13810
13817
13818
13821
13838
13847
13850
13855
13855
13866
13867
13869
13874
13884
13889
13910
13914
13918
13922
13939
13953
13956
13962
13968
13969
13999
14004
14007
14013
14021
14029
14032
14039
14040
14040
14055
14062
14068
14092
14096
14102
14108
14115
14123
14130
14131
14133
14137
14140
14142
14155
14164
14167
14178
14188
14191
14198
14220
14223
14224
14231
14241
14243
14258
14266
14275
14283
14284
14294
14298
14301
14303
14309
14310
14318
14327
14332
14343
14352
14352
14364
14371
14373
14375
14383
14396
14399
14400
14400
14405
14421
14431
14438
14450
14458
14486
14494
14496
14500
14502
14503
14516
14525
14555
14555
14584
14585
14588
14589
14627
14636
14639
14640
14640
14659
14666
14691
14697
14702
14713
14716
14721
14736
14742
14743
14743
14747
14752
14759
14759
14769
14772
14774
14778
14786
14796
14797
14801
14807
14809
14819
14820
14830
14832
14841
14870
14876
14890
14892
14905
14908
14920
14925
14968
14970
14977
14980
14989
14992
14997
14999
15002
15002
15002
15011
15014
15017
15018
15018
15023
15033
15036
15037
15039
15058
15076
15076
15084
15087
15093
15094
15097
15098
15102
15110
15111
15126
15150
15166
15173
15184
15193
15200
15201
15231
15248
15252
15256
15256
15268
15279
15281
15285
15296
15321
15337
15337
15345
15353
15358
15370
15371
15377
15378
15392
15404
15417
15428
15445
15451
15460
15471
15486
15500
15501
15515
15519
15520
15523
15524
15531
15548
15569
15580
15585
15588
15591
15603
15612
15619
15625
15635
15639
15647
15655
15658
15658
15672
15682
15684
15687
15700
15711
15715
15717
15734
15753
15763
15767
15773
15785
15791
15821
15822
15836
15843
15860
15865
15869
15869
15873
15878
15883
15884
15889
15897
15898
15902
15903
15918
15919
15920
15935
15950
15963
15968
15969
15976
15980
15980
15981
15982
15982
15990
15993
15994
15997
16000
16002
16005
16012
16018
16033
16039
16056
16057
16060
16078
16082
16085
16106
16117
16119
16120
16129
16131
16136
16149
16158
16167
16181
16181
16188
16189
16190
16201
16204
16213
16214
16214
16219
16226
16243
16246
16257
16262
16269
16271
16274
16282
16287
16290
16290
16291
16296
16297
16320
16320
16326
16330
16334
16344
16361
16372
16373
16377
16380
16401
16402
16425
16433
16436
16446
16451
16461
16467
16479
16479
16496
16498
16509
16509
16515
16515
16516
16517
16518
16521
16528
16530
16535
16548
16553
16605
16613
16622
16622
16623
16624
16630
16642
16643
16646
16695
16709
16711
16716
16718
16719
16725
16726
16737
16740
16763
16765
16766
16767
16777
16779
16780
16791
16797
16802
16818
16835
16845
16846
16847
16854
16871
16877
16878
16887
16887
16891
16904
16910
16911
16911
16912
16913
16917
16922
16926
16932
16935
16935
16958
16973
16978
16985
17009
17013
17015
17020
17026
17026
17071
17077
17097
17101
17104
17111
17143
17148
17153
17169
17170
17179
17190
17217
17218
17238
17252
17254
17260
17269
17270
17270
17289
17295
17310
17313
17314
17335
17348
17359
17368
17376
17382
17386
17397
17400
17404
17411
17415
17417
17423
17424
17438
17454
17470
17473
17485
17486
17504
17515
17521
17539
17540
17542
17550
17570
17573
17599
17607
17608
17642
17649
17650
17659
17675
17688
17710
17732
17748
17750
17800
17819
17821
17825
17836
17858
17868
17871
17871
17875
17880
17891
17893
17894
17906
17920
17921
17940
17956
17957
17958
17958
17959
17972
17976
17980
17981
17982
18000
18004
18020
18023
18025
18028
18039
18040
18046
18073
18076
18080
18081
18084
18094
18096
18109
18109
18109
18125
18130
18137
18143
18147
18148
18148
18158
18163
18168
18177
18180
18186
18199
18203
18208
18214
18214
18214
18227
18259
18264
18264
18265
18273
18281
18281
18290
18298
18305
18308
18311
18314
18316
18336
18342
18357
18357
18366
18395
18397
18407
18410
18418
18418
18421
18424
18433
18434
18435
18437
18445
18448
18449
18453
18471
18473
18484
18494
18495
18497
18506
18518
18518
18519
18537
18553
18567
18578
18584
18585
18587
18602
18606
18619
18625
18631
18632
18638
18647
18649
18654
18668
18678
18684
18700
18701
18710
18716
18740
18741
18761
18764
18766
18766
18769
18772
18776
18789
18794
18796
18796
18798
18812
18822
18834
18837
18866
18870
18871
18874
18919
18919
18920
18925
18927
18933
18943
18947
18957
18958
18960
18968
18969
18971
18977
18981
18984
18998
19002
19014
19022
19025
19040
19041
19059
19065
19070
19075
19075
19077
19086
19096
19099
19110
19112
19117
19118
19119
19121
19128
19137
19160
19170
19172
19192
19208
19222
19230
19234
19244
19246
19260
19261
19264
19276
19285
19312
19322
19333
19356
19370
19372
19372
19372
19375
19377
19377
19390
19395
19404
19410
19416
19418
19418
19428
19428
19429
19432
19437
19443
19453
19460
19461
19463
19467
19478
19494
19495
19509
19512
19514
19517
19530
19532
19541
19541
19549
19550
19567
19572
19587
19601
19603
19609
19612
19636
19648
19655
19656
19656
19659
19664
19672
19694
19703
19706
19733
19736
19752
19756
19758
19762
19767
19771
19775
19777
19787
19789
19791
19795
19799
19808
19809
19825
19828
19836
19838
19843
19845
19854
19857
19867
19871
19882
19892
19909
19911
19919
19924
19925
19934
19939
19943
19943
19944
19949
19954
19961
19968
19982
19992
19993
19994
19999
20012
20013
20030
20033
20036
20048
20068
20074
20089
20094
20111
20119
20132
20159
20159
20171
20179
20183
20197
20215
20231
20242
20251
20258
20269
20273
20276
20280
20288
20295
20298
20321
20336
20339
20344
20346
20352
20367
20368
20373
20387
20397
20411
20414
20416
20423
20431
20443
20461
20466
20469
20477
20485
20496
20498
20519
20553
20556
20560
20563
20564
20568
20581
20584
20599
20604
20631
20647
20648
20649
20651
20651
20652
20667
20682
20684
20688
20688
20689
20732
20732
20732
20733
20734
20740
20754
20761
20767
20773
20774
20788
20790
20794
20802
20806
20806
20808
20817
20821
20822
20824
20828
20837
20839
20845
20856
20871
20874
20881
20883
20909
20921
20921
20929
20934
20935
20935
20951
20961
20968
20977
20983
20986
20987
21012
21017
21023
21028
21039
21040
21049
21054
21067
21070
21070
21071
21072
21074
21078
21083
21094
21102
21106
21113
21129
21136
21155
21162
21173
21173
21190
21214
21215
21215
21235
21268
21273
21289
21302
21303
21305
21319
21321
21328
21335
21352
21365
21370
21381
21391
21399
21404
21414
21414
21429
21435
21447
21453
21470
21476
21484
21486
21488
21490
21495
21528
21541
21551
21556
21562
21572
21576
21579
21583
21587
21604
21604
21608
21615
21631
21635
21645
21647
21653
21654
21673
21689
21690
21693
21703
21713
21718
21720
21733
21734
21736
21738
21740
21747
21759
21770
21785
21789
21797
21798
21807
21837
21845
21849
21849
21852
21856
21870
21886
21887
21895
21905
21937
21940
21947
21961
21966
21977
21990
21995
22015
22023
22026
22033
22041
22048
22053
22060
22061
22078
22079
22084
22088
22089
22094
22096
22101
22122
22131
22143
22147
22156
22168
22175
22182
22205
22249
22254
22258
22260
22266
22267
22271
22283
22287
22288
22298
22299
22307
22323
22328
22328
22337
22339
22356
22357
22357
22361
22382
22393
22413
22427
22427
22430
22440
22447
22462
22464
22477
22486
22487
22493
22502
22504
22504
22510
22513
22515
22515
22519
22531
22547
22550
22557
22558
22567
22577
22592
22602
22602
22610
22612
22615
22630
22650
22656
22658
22666
22670
22672
22678
22679
22690
22691
22704
22706
22706
22707
22708
22709
22711
22726
22755
22757
22768
22781
22793
22796
22807
22814
22825
22833
22834
22862
22866
22895
22905
22919
22931
22941
22947
22949
22951
22970
22977
22981
22985
22989
22995
23009
23018
23044
23051
23058
23073
23088
23106
23119
23132
23143
23158
23164
23181
23190
23192
23193
23214
23221
23225
23227
23240
23241
23256
23262
23288
23289
23292
23298
23328
23329
23336
23343
23345
23346
23357
23394
23408
23413
23426
23430
23430
23440
23442
23442
23444
23462
23462
23463
23463
23479
23484
23488
23503
23507
23513
23520
23520
23521
23523
23530
23534
23539
23540
23548
23553
23559
23560
23561
23571
23576
23582
23586
23589
23593
23596
23596
23606
23612
23633
23649
23656
23671
23671
23697
23714
23720
23730
23744
23753
23770
23772
23780
23785
23790
23797
23800
23805
23806
23816
23824
23825
23839
23843
23875
23903
23904
23907
23908
23910
23931
23934
23936
23942
23957
23964
23964
23968
23995
23995
24006
24008
24009
24010
24012
24013
24023
24037
24055
24056
24056
24057
24066
24076
24085
24085
24103
24110
24111
24118
24120
24126
24134
24137
24137
24139
24144
24153
24161
24177
24187
24190
24191
24210
24224
24243
24248
24249
24255
24264
24271
24274
24277
24303
24316
24317
24319
24328
24329
24344
24348
24348
24355
24356
24357
24360
24367
24375
24377
24380
24384
24391
24398
24405
24423
24439
24440
24455
24462
24463
24464
24466
24466
24468
24488
24516
24521
24529
24534
24541
24543
24557
24599
24602
24604
24608
24639
24640
24640
24641
24657
24694
24700
24701
24730
24747
24753
24753
24806
24829
24832
24853
24853
24863
24869
24878
24879
24891
24903
24952
24952
24962
24966
24966
24969
24969
24982
24987
24999
25020
25025
25025
25029
25029
25034
25048
25050
25052
25059
25060
25067
25072
25102
25106
25106
25107
25111
25117
25138
25162
25188
25188
25191
25203
25208
25218
25236
25250
25258
25262
25267
25281
25298
25315
25316
25323
25334
25336
25342
25354
25364
25373
25380
25391
25395
25396
25404
25405
25417
25417
25419
25421
25434
25439
25440
25444
25446
25456
25457
25461
25467
25473
25479
25500
25524
25528
25531
25536
25551
25559
25565
25598
25607
25615
25623
25629
25634
25645
25674
25684
25695
25701
25712
25717
25733
25733
25734
25742
25767
25772
25781
25785
25801
25824
25838
25838
25841
25843
25846
25850
25853
25855
25856
25864
25872
25882
25886
25912
25914
25916
25919
25922
25940
25949
25960
25967
25973
25984
25985
25986
25994
26021
26025
26030
26031
26036
26061
26072
26094
26106
26121
26132
26134
26146
26150
26156
26163
26171
26185
26186
26194
26195
26196
26208
26213
26214
26219
26228
26251
26256
26262
26263
26271
26274
26276
26283
26299
26306
26317
26325
26341
26345
26348
26350
26365
26368
26390
26391
26392
26408
26419
26420
26421
26429
26431
26434
26450
26457
26464
26467
26481
26487
26499
26506
26514
26541
26567
26583
26601
26605
26606
26609
26622
26625
26627
26628
26628
26641
26678
26706
26710
26711
26730
26747
26748
26749
26777
26782
26792
26797
26801
26804
26806
26806
26810
26813
26822
26822
26823
26825
26837
26851
26893
26899
26900
26901
26907
26908
26909
26928
26939
26940
26947
26948
26959
26971
26973
26974
27007
27009
27012
27019
27025
27028
27031
27031
27036
27049
27054
27063
27064
27069
27070
27083
27086
27090
27090
27124
27125
27136
27142
27142
27143
27143
27155
27166
27168
27179
27192
27197
27200
27207
27226
27228
27241
27256
27268
27269
27272
27288
27288
27302
27310
27310
27325
27333
27348
27351
27357
27359
27372
27375
27379
27392
27397
27399
27402
27411
27431
27436
27442
27443
27445
27447
27457
27458
27479
27488
27495
27510
27512
27512
27529
27537
27543
27544
27546
27554
27576
27585
27604
27605
27608
27617
27626
27632
27637
27638
27640
27644
27644
27659
27667
27683
27692
27698
27705
27706
27712
27713
27720
27734
27737
27746
27747
27750
27756
27756
27761
27763
27782
27786
27797
27814
27829
27855
27856
27857
27858
27866
27878
27885
27890
27913
27926
27938
27940
27958
27960
27961
27978
27981
27982
27985
27994
28003
28010
28015
28021
28024
28025
28033
28037
28069
28071
28072
28091
28100
28106
28113
28119
28130
28145
28146
28148
28152
28153
28170
28174
28185
28191
28199
28210
28210
28211
28222
28236
28250
28255
28256
28257
28257
28267
28268
28285
28285
28286
28286
28288
28297
28298
28304
28315
28337
28347
28350
28357
28361
28367
28368
28380
28390
28401
28402
28410
28411
28425
28432
28441
28455
28465
28470
28473
28492
28496
28523
28527
28540
28543
28560
28573
28578
28579
28585
28590
28597
28610
28613
28617
28622
28628
28632
28634
28639
28672
28676
28677
28680
28682
28684
28698
28702
28730
28735
28751
28751
28753
28761
28769
28769
28772
28775
28777
28793
28806
28832
28837
28854
28856
28856
28891
28898
28900
28900
28907
28919
28931
28939
28945
28945
28972
28982
28982
28995
28996
28997
28999
29002
29019
29021
29026
29030
29031
29039
29041
29049
29067
29072
29072
29075
29087
29092
29092
29096
29101
29116
29122
29133
29139
29167
29173
29191
29199
29199
29200
29201
29207
29214
29215
29216
29229
29237
29237
29247
29249
29251
29261
29292
29292
29310
29314
29320
29321
29322
29324
29330
29341
29353
29369
29373
29383
29390
29398
29404
29406
29414
29424
29425
29436
29436
29437
29440
29441
29448
29462
29466
29467
29491
29492
29503
29507
29513
29514
29515
29517
29520
29523
29527
29532
29561
29573
29573
29575
29576
29576
29577
29584
29596
29597
29605
29609
29628
29636
29638
29640
29649
29652
29665
29667
29670
29680
29696
29706
29712
29713
29714
29717
29723
29724
29727
29730
29732
29733
29735
29740
29747
29755
29774
29775
29777
29799
29819
29823
29835
29835
29842
29852
29873
29883
29913
29921
29922
29937
29948
29952
29953
29966
29968
29972
29979
29979
29993
30001
30011
30033
30035
30059
30059
30069
30071
30087
30093
30095
30117
30128
30131
30132
30139
30146
30169
30172
30179
30187
30189
30205
30212
30221
30223
30223
30241
30249
30257
30258
30259
30271
30279
30281
30284
30290
30294
30311
30312
30320
30323
30327
30328
30329
30336
30337
30340
30349
30357
30361
30363
30373
30376
30381
30384
30388
30409
30425
30433
30457
30468
30474
30481
30482
30482
30486
30488
30489
30492
30502
30504
30523
30540
30549
30574
30579
30586
30590
30603
30607
30635
30657
30657
30662
30665
30669
30670
30681
30684
30689
30700
30701
30703
30707
30708
30708
30713
30714
30718
30728
30732
30741
30744
30762
30767
30770
30772
30774
30784
30797
30807
30819
30825
30830
30831
30834
30838
30840
30851
30861
30869
30869
30878
30885
30887
30893
30900
30905
30918
30926
30936
30951
30956
30968
30972
30972
30975
30984
30985
30995
31007
31017
31039
31042
31057
31058
31089
31096
31138
31143
31143
31158
31168
31168
31168
31182
31183
31205
31212
31215
31221
31234
31242
31254
31255
31262
31264
31266
31283
31289
31289
31309
31323
31326
31333
31336
31337
31340
31345
31366
31366
31369
31373
31375
31387
31393
31394
31396
31405
31414
31425
31445
31457
31461
31463
31474
31482
31487
31488
31490
31494
31501
31511
31520
31525
31526
31546
31547
31555
31562
31572
31574
31574
31582
31589
31592
31592
31599
31617
31620
31622
31629
31634
31640
31654
31656
31678
31696
31699
31707
31735
31741
31748
31748
31751
31759
31760
31761
31762
31763
31763
31768
31772
31779
31782
31828
31846
31869
31879
31891
31894
31904
31905
31906
31920
31929
31929
31946
31948
31961
31979
31987
31995
32003
32011
32037
32044
32048
32048
32048
32072
32083
32083
32104
32112
32116
32121
32142
32148
32156
32171
32176
32183
32184
32189
32196
32218
32247
32267
32275
32275
32280
32293
32297
32302
32303
32317
32323
32327
32329
32337
32352
32355
32357
32368
32379
32406
32408
32416
32421
32436
32440
32443
32443
32448
32449
32468
32495
32497
32510
32515
32527
32528
32533
32534
32534
32547
32549
32550
32568
32580
32586
32589
32602
32606
32611
32613
32635
32640
32648
32670
32692
32694
32731
32735
32746
32748
32751
32753
32795
32799
32807
32812
32815
32827
32831
32834
32852
32856
32859
32862
32881
32884
32901
32909
32912
32929
32940
32941
32955
32967
32968
32973
32976
32986
32986
32993
32993
32999
33017
33018
33029
33029
33032
33040
33045
33046
33049
33081
33082
33083
33098
33107
33111
33112
33113
33120
33130
33134
33143
33150
33152
33159
33161
33165
33169
33172
33175
33179
33183
33187
33191
33199
33200
33202
33207
33213
33221
33221
33248
33250
33288
33303
33307
33322
33322
33329
33336
33348
33349
33354
33359
33366
33383
33384
33399
33414
33421
33435
33443
33459
33459
33464
33467
33470
33473
33486
33487
33495
33517
33522
33554
33559
33571
33580
33583
33591
33603
33612
33613
33615
33629
33630
33633
33640
33641
33641
33643
33652
33655
33656
33671
33673
33681
33684
33695
33697
33698
33717
33721
33721
33756
33760
33760
33767
33779
33787
33789
33797
33808
33811
33813
33815
33819
33853
33881
33883
33884
33886
33888
33893
33899
33902
33932
33934
33939
33942
33945
33948
33953
33955
33956
33964
33964
33972
33979
33979
34006
34017
34019
34022
34025
34043
34071
34078
34089
34101
34102
34112
34114
34116
34119
34120
34128
34132
34134
34147
34157
34165
34174
34178
34198
34213
34222
34230
34231
34232
34256
34261
34263
34270
34272
34282
34283
34283
34291
34295
34297
34305
34306
34329
34336
34341
34353
34369
34392
34396
34408
34427
34443
34443
34462
34466
34507
34515
34537
34541
34542
34549
34550
34554
34563
34566
34568
34573
34578
34581
34589
34600
34601
34606
34614
34620
34627
34630
34645
34647
34648
34649
34650
34685
34686
34693
34699
34701
34706
34707
34713
34718
34720
34733
34737
34750
34755
34756
34756
34757
34763
34772
34774
34776
34788
34798
34801
34804
34811
34819
34821
34825
34833
34871
34874
34875
34877
34887
34888
34891
34892
34897
34900
34908
34909
34922
34932
34937
34954
34955
34975
34975
34976
34977
34980
34981
34983
34996
35001
35014
35019
35024
35046
35051
35051
35054
35059
35070
35071
35087
35088
35099
35101
35104
35112
35120
35120
35131
35132
35137
35139
35173
35191
35193
35205
35220
35221
35226
35226
35238
35240
35243
35249
35254
35266
35268
35288
35306
35319
35336
35337
35340
35354
35366
35370
35390
35395
35397
35405
35407
35407
35412
35424
35428
35430
35432
35433
35453
35467
35467
35473
35475
35493
35493
35515
35522
35539
35555
35565
35571
35574
35575
35580
35586
35587
35589
35595
35601
35611
35620
35643
35653
35658
35658
35667
35667
35670
35689
35690
35694
35709
35710
35717
35729
35731
35743
35765
35766
35771
35776
35777
35778
35788
35820
35825
35832
35862
35873
35878
35882
35893
35895
35896
35904
35909
35910
35930
35937
35939
35953
35954
35967
35976
35998
36002
36004
36007
36012
36013
36014
36017
36018
36020
36020
36028
36030
36031
36033
36045
36046
36047
36052
36056
36057
36107
36122
36129
36129
36136
36140
36152
36155
36158
36163
36174
36174
36196
36201
36209
36222
36235
36264
36296
36303
36314
36314
36317
36321
36327
36353
36359
36380
36381
36386
36390
36409
36411
36428
36432
36440
36453
36455
36458
36463
36467
36483
36485
36491
36492
36503
36503
36546
36550
36554
36557
36561
36565
36568
36574
36583
36602
36619
36621
36626
36631
36631
36636
36653
36656
36661
36670
36689
36697
36705
36728
36733
36734
36740
36741
36773
36775
36777
36783
36792
36795
36805
36811
36818
36820
36857
36864
36873
36881
36884
36888
36894
36907
36916
36919
36941
36943
36944
36952
36969
36985
36990
37005
37021
37049
37055
37057
37057
37067
37086
37089
37093
37104
37107
37124
37128
37136
37139
37145
37155
37181
37185
37186
37191
37201
37201
37214
37214
37221
37230
37230
37243
37246
37248
37269
37275
37286
37327
37332
37353
37357
37370
37379
37381
37387
37388
37398
37404
37407
37412
37435
37441
37451
37453
37467
37490
37494
37506
37511
37528
37539
37540
37552
37559
37562
37568
37583
37590
37597
37598
37599
37599
37612
37616
37620
37621
37623
37624
37628
37633
37643
37656
37658
37660
37672
37677
37688
37706
37708
37731
37750
37750
37760
37782
37793
37801
37804
37808
37809
37824
37826
37837
37840
37850
37874
37874
37874
37894
37901
37921
37923
37932
37934
37941
37953
37959
37965
37978
37982
37982
37982
37985
37989
37990
37995
38030
38042
38043
38064
38069
38081
38081
38084
38093
38107
38112
38118
38119
38123
38124
38124
38134
38136
38151
38159
38161
38192
38203
38206
38211
38220
38255
38266
38301
38304
38317
38326
38327
38334
38342
38348
38357
38361
38365
38379
38392
38392
38394
38396
38401
38413
38422
38432
38446
38456
38481
38485
38487
38489
38491
38492
38497
38501
38507
38508
38513
38514
38540
38563
38572
38573
38574
38589
38623
38653
38659
38672
38697
38705
38711
38713
38722
38732
38746
38747
38754
38757
38769
38771
38782
38784
38793
38799
38800
38813
38819
38823
38825
38826
38844
38845
38850
38855
38875
38887
38890
38910
38911
38917
38920
38925
38930
38944
38969
38971
38977
38985
38988
39005
39006
39008
39014
39015
39023
39029
39034
39035
39038
39050
39055
39061
39066
39072
39072
39079
39084
39117
39140
39146
39152
39160
39166
39168
39169
39178
39185
39185
39187
39223
39226
39238
39241
39242
39246
39281
39293
39296
39300
39309
39320
39332
39333
39345
39355
39355
39392
39402
39409
39410
39414
39424
39439
39439
39449
39459
39460
39488
39532
39532
39540
39547
39555
39555
39575
39576
39587
39592
39595
39596
39607
39609
39610
39631
39644
39647
39676
39690
39697
39721
39744
39750
39773
39783
39799
39815
39819
39821
39825
39826
39833
39843
39843
39846
39848
39848
39850
39856
39859
39863
39864
39870
39881
39881
39886
39902
39903
39907
39914
39918
39924
39936
39939
39969
39972
39973
40012
40013
40027
40029
40031
40046
40074
40091
40101
40107
40121
40121
40144
40155
40158
40161
40161
40167
40186
40189
40204
40208
40214
40215
40217
40218
40227
40233
40258
40259
40276
40277
40282
40282
40290
40295
40297
40309
40312
40333
40339
40340
40345
40357
40359
40386
40406
40421
40424
40427
40438
40444
40447
40449
40458
40462
40464
40469
40491
40495
40498
40505
40508
40515
40554
40554
40567
40569
40574
40581
40582
40582
40589
40590
40604
40606
40612
40628
40636
40658
40659
40660
40673
40682
40690
40701
40705
40714
40729
40732
40736
40739
40750
40753
40760
40764
40768
40825
40840
40841
40846
40850
40915
40919
40927
40943
40957
40966
40977
40992
40998
41010
41010
41011
41016
41019
41033
41066
41077
41080
41100
41102
41102
41107
41114
41114
41117
41118
41122
41132
41143
41155
41158
41161
41174
41177
41179
41182
41192
41196
41202
41205
41206
41212
41216
41219
41231
41231
41237
41263
41287
41289
41301
41303
41307
41314
41317
41339
41354
41354
41367
41377
41377
41382
41393
41393
41397
41399
41400
41407
41408
41429
41433
41436
41446
41456
41484
41486
41494
41513
41524
41527
41542
41544
41549
41550
41550
41569
41571
41575
41579
41589
41590
41610
41619
41636
41647
41648
41661
41664
41693
41703
41720
41721
41722
41731
41757
41763
41763
41777
41792
41795
41799
41801
41803
41807
41820
41844
41849
41880
41896
41896
41902
41933
41939
41947
41948
41955
41969
41970
41974
41978
41980
41999
42000
42006
42023
42041
42042
42049
42050
42058
42077
42079
42100
42104
42113
42116
42116
42116
42127
42128
42135
42138
42142
42169
42172
42175
42176
42179
42194
42194
42222
42225
42227
42243
42264
42291
42308
42312
42321
42322
42326
42345
42346
42349
42368
42368
42388
42393
42416
42426
42432
42432
42439
42441
42447
42451
42455
42474
42482
42489
42491
42492
42503
42515
42528
42531
42536
42536
42540
42543
42550
42554
42555
42567
42583
42587
42590
42593
42599
42599
42603
42621
42641
42653
42656
42666
42677
42680
42690
42700
42703
42724
42734
42744
42766
42776
42781
42784
42798
42805
42816
42832
42854
42864
42865
42866
42870
42871
42882
42883
42905
42909
42917
42918
42918
42920
42937
42945
42946
42959
42962
42974
42991
42996
43016
43019
43021
43022
43036
43041
43042
43049
43064
43070
43074
43085
43094
43105
43107
43130
43131
43132
43134
43139
43143
43187
43195
43208
43228
43234
43240
43242
43249
43253
43254
43255
43255
43261
43265
43265
43266
43271
43280
43285
43294
43309
43310
43356
43364
43373
43375
43376
43384
43395
43399
43408
43424
43435
43441
43443
43457
43463
43469
43473
43479
43483
43497
43502
43502
43505
43511
43518
43532
43539
43544
43553
43558
43577
43578
43593
43597
43601
43614
43619
43622
43630
43641
43679
43708
43716
43719
43727
43732
43736
43776
43779
43794
43796
43812
43816
43820
43823
43829
43833
43839
43840
43864
43867
43881
43904
43906
43909
43913
43932
43940
43944
43958
43964
43964
43978
43985
43992
44010
44028
44030
44035
44036
44047
44053
44063
44070
44072
44075
44080
44084
44093
44093
44099
44113
44115
44127
44141
44142
44144
44150
44186
44192
44199
44205
44207
44211
44213
44222
44225
44234
44235
44246
44257
44260
44267
44274
44277
44289
44317
44318
44321
44331
44334
44350
44356
44377
44391
44413
44419
44422
44422
44423
44426
44440
44445
44471
44483
44491
44498
44498
44507
44510
44513
44536
44537
44539
44549
44550
44558
44586
44591
44595
44629
44646
44669
44670
44680
44691
44710
44716
44719
44728
44741
44742
44747
44747
44748
44773
44787
44803
44819
44841
44842
44849
44858
44860
44860
44861
44864
44879
44881
44889
44892
44893
44895
44897
44905
44911
44914
44936
44937
44953
44956
44964
44975
44988
44992
44996
45004
45010
45013
45019
45033
45053
45065
45068
45069
45080
45083
45087
45088
45094
45098
45106
45123
45130
45131
45164
45173
45178
45185
45202
45210
45214
45216
45218
45222
45223
45223
45228
45248
45252
45254
45254
45255
45259
45263
45278
45285
45286
45296
45320
45329
45337
45339
45348
45357
45364
45372
45379
45385
45394
45401
45405
45427
45440
45441
45453
45454
45461
45467
45468
45470
45476
45479
45484
45484
45484
45497
45497
45507
45526
45539
45543
45546
45557
45562
45569
45597
45602
45622
45634
45642
45643
45664
45664
45671
45700
45707
45714
45723
45737
45742
45751
45755
45755
45760
45762
45796
45797
45804
45807
45824
45824
45836
45837
45839
45851
45858
45860
45866
45868
45873
45877
45884
45886
45889
45916
45917
45925
45937
45957
45966
45967
45977
45978
45985
45989
45990
45992
46021
46027
46029
46032
46036
46040
46078
46083
46083
46086
46093
46097
46103
46104
46104
46115
46144
46145
46157
46163
46170
46172
46176
46181
46182
46184
46186
46189
46192
46193
46196
46197
46201
46203
46222
46228
46242
46245
46246
46250
46267
46287
46296
46299
46333
46337
46342
46342
46346
46351
46351
46365
46368
46376
46397
46400
46414
46419
46419
46420
46436
46451
46456
46465
46472
46480
46484
46488
46498
46501
46505
46507
46512
46513
46520
46523
46529
46530
46532
46534
46537
46541
46566
46572
46573
46576
46580
46581
46581
46591
46598
46604
46605
46613
46615
46622
46626
46646
46662
46694
46696
46696
46698
46703
46707
46710
46711
46731
46733
46737
46753
46757
46758
46763
46770
46772
46798
46802
46803
46805
46827
46836
46837
46839
46851
46858
46937
46943
46946
46946
46951
46975
46989
46996
47001
47002
47003
47011
47027
47047
47057
47058
47059
47073
47075
47082
47098
47101
47113
47113
47117
47161
47171
47192
47192
47194
47198
47201
47233
47241
47251
47256
47256
47267
47268
47275
47283
47299
47300
47302
47305
47305
47306
47311
47311
47329
47340
47349
47359
47376
47382
47404
47422
47456
47456
47473
47476
47483
47487
47493
47497
47501
47509
47517
47519
47526
47526
47541
47557
47568
47569
47571
47580
47601
47602
47602
47608
47617
47623
47627
47631
47647
47654
47661
47664
47685
47715
47720
47721
47723
47735
47736
47738
47741
47743
47747
47749
47751
47755
47771
47789
47809
47830
47831
47835
47840
47847
47849
47849
47855
47892
47894
47894
47908
47915
47916
47925
47926
47929
47966
47971
47973
47979
47989
47989
47997
48009
48024
48024
48034
48036
48040
48043
48049
48050
48052
48054
48066
48074
48080
48081
48081
48081
48097
48100
48104
48126
48150
48152
48154
48156
48193
48195
48198
48202
48211
48214
48235
48255
48260
48265
48266
48293
48293
48297
48302
48321
48323
48359
48359
48367
48370
48390
48393
48394
48398
48423
48428
48436
48446
48451
48485
48497
48504
48509
48525
48533
48539
48549
48555
48562
48575
48577
48581
48585
48591
48602
48615
48617
48620
48620
48633
48634
48651
48658
48664
48675
48678
48678
48704
48717
48721
48721
48723
48733
48737
48744
48778
48802
48814
48815
48832
48840
48848
48852
48853
48883
48898
48901
48908
48908
48915
48955
48976
48983
49006
49008
49014
49016
49033
49037
49039
49043
49049
49052
49054
49057
49083
49088
49098
49106
49119
49124
49130
49139
49141
49150
49161
49170
49179
49188
49198
49214
49219
49223
49234
49242
49257
49260
49289
49290
49310
49313
49319
49321
49323
49340
49362
49367
49382
49395
49406
49419
49439
49467
49469
49471
49483
49488
49510
49511
49522
49533
49548
49560
49565
49586
49591
49591
49600
49614
49620
49622
49625
49629
49636
49636
49638
49638
49640
49652
49657
49661
49675
49676
49705
49715
49722
49729
49736
49738
49742
49755
49756
49759
49775
49776
49784
49785
49788
49789
49794
49798
49804
49808
49808
49810
49829
49833
49846
49849
49855
49857
49858
49870
49871
49893
49895
49897
49902
49902
49908
49909
49931
49935
49940
49942
49946
49964
49966
49968
49974
49975
49977
49983
50011
50023
50023
50037
50054
50071
50071
50083
50085
50085
50095
50101
50104
50106
50116
50136
50142
50147
50149
50150
50151
50154
50160
50176
50179
50184
50201
50212
50215
50217
50223
50229
50231
50248
50272
50273
50277
50279
50283
50296
50316
50324
50326
50335
50355
50355
50370
50374
50411
50418
50422
50458
50459
50467
50471
50503
50503
50511
50512
50516
50531
50534
50538
50542
50547
50553
50553
50563
50581
50591
50615
50624
50635
50636
50638
50648
50654
50656
50662
50677
50679
50683
50687
50700
50722
50723
50730
50738
50741
50742
50749
50754
50755
50779
50799
50800
50801
50801
50810
50824
50828
50842
50855
50866
50867
50868
50879
50888
50889
50894
50896
50898
50903
50904
50908
50913
50914
50918
50922
50942
50944
50959
50973
50973
50995
50996
50998
51000
51005
51005
51013
51020
51023
51031
51038
51050
51051
51053
51056
51058
51064
51074
51079
51085
51087
51106
51110
51116
51121
51125
51132
51134
51140
51169
51180
51184
51195
51201
51211
51237
51248
51267
51274
51278
51286
51287
51288
51291
51297
51302
51319
51321
51338
51347
51358
51361
51378
51388
51393
51421
51423
51450
51462
51481
51497
51509
51517
51521
51525
51530
51534
51535
51542
51546
51561
51579
51586
51621
51622
51623
51634
51652
51654
51655
51674
51692
51698
51698
51699
51700
51702
51711
51718
51729
51739
51742
51746
51751
51761
51792
51796
51796
51802
51807
51813
51814
51819
51826
51852
51858
51859
51864
51868
51884
51888
51890
51928
51940
51947
51952
51956
51958
51995
51998
52001
52010
52014
52021
52026
52047
52051
52053
52055
52056
52064
52064
52074
52074
52095
52096
52097
52117
52133
52141
52149
52167
52174
52194
52200
52204
52209
52228
52238
52246
52253
52269
52275
52282
52291
52296
52330
52331
52333
52334
52336
52337
52337
52339
52355
52363
52371
52372
52373
52399
52401
52402
52404
52406
52419
52420
52422
52429
52430
52437
52440
52444
52450
52451
52476
52477
52479
52493
52497
52498
52498
52501
52505
52520
52525
52540
52562
52571
52572
52579
52596
52597
52606
52615
52616
52627
52627
52652
52655
52655
52656
52656
52668
52668
52675
52677
52678
52685
52700
52714
52735
52737
52748
52769
52771
52772
52772
52773
52774
52791
52805
52823
52831
52838
52839
52854
52861
52865
52866
52874
52877
52879
52880
52888
52898
52899
52911
52913
52914
52919
52935
52939
52962
52964
52967
52975
52977
52982
52992
53020
53029
53038
53039
53046
53050
53065
53078
53079
53118
53138
53147
53158
53166
53167
53178
53186
53190
53205
53213
53217
53222
53266
53278
53281
53297
53301
53302
53317
53327
53335
53340
53344
53345
53368
53368
53372
53374
53382
53392
53400
53417
53419
53423
53425
53434
53435
53438
53490
53497
53503
53510
53536
53542
53552
53566
53596
53604
53611
53617
53624
53629
53642
53654
53655
53663
53667
53672
53694
53707
53713
53726
53741
53751
53778
53780
53790
53792
53792
53803
53807
53821
53825
53836
53863
53870
53870
53872
53879
53893
53899
53914
53918
53922
53938
53961
53966
53967
53969
53983
53988
53993
53994
54003
54031
54033
54035
54042
54042
54045
54075
54084
54086
54088
54094
54108
54116
54125
54140
54159
54162
54171
54173
54173
54173
54180
54180
54185
54195
54196
54206
54214
54239
54252
54255
54256
54259
54266
54281
54310
54327
54332
54345
54345
54345
54361
54364
54370
54374
54386
54387
54393
54396
54400
54418
54420
54428
54439
54440
54447
54451
54452
54460
54467
54472
54479
54486
54490
54500
54520
54522
54529
54539
54549
54554
54558
54566
54567
54577
54619
54628
54657
54657
54662
54663
54667
54677
54679
54685
54698
54704
54713
54720
54723
54725
54740
54743
54748
54755
54766
54771
54777
54778
54783
54789
54794
54795
54805
54806
54812
54813
54815
54818
54822
54835
54839
54872
54873
54883
54884
54889
54898
54902
54927
54931
54946
54951
54951
54959
54959
54966
54974
54986
55003
55010
55011
55011
55015
55026
55044
55056
55057
55062
55076
55076
55080
55099
55100
55103
55125
55142
55148
55168
55174
55177
55199
55204
55204
55204
55207
55210
55214
55215
55219
55236
55250
55258
55283
55289
55290
55302
55310
55311
55312
55314
55320
55320
55328
55330
55334
55349
55358
55360
55367
55377
55382
55403
55407
55407
55420
55475
55475
55481
55486
55490
55492
55504
55543
55550
55551
55574
55579
55580
55586
55596
55614
55614
55619
55622
55640
55640
55651
55653
55655
55660
55665
55682
55688
55689
55715
55721
55730
55730
55733
55735
55743
55757
55764
55768
55776
55779
55789
55790
55800
55810
55814
55816
55821
55824
55832
55834
55834
55838
55844
55847
55847
55852
55856
55872
55881
55888
55889
55895
55898
55915
55932
55942
55942
55944
55946
55958
56005
56006
56008
56014
56015
56016
56026
56028
56034
56043
56048
56051
56057
56060
56061
56067
56084
56090
56108
56121
56157
56169
56180
56202
56204
56206
56208
56216
56257
56265
56273
56274
56278
56287
56288
56289
56295
56302
56316
56319
56320
56328
56336
56344
56348
56349
56350
56350
56352
56379
56387
56389
56404
56405
56420
56423
56433
56437
56449
56454
56459
56462
56465
56466
56466
56475
56481
56485
56489
56489
56507
56512
56519
56529
56540
56545
56546
56548
56550
56558
56558
56560
56576
56581
56586
56586
56586
56594
56610
56619
56622
56625
56632
56634
56638
56640
56644
56645
56658
56671
56677
56680
56684
56695
56717
56731
56734
56752
56754
56767
56769
56771
56778
56789
56790
56792
56799
56800
56803
56811
56815
56816
56817
56819
56826
56856
56873
56880
56890
56897
56906
56913
56916
56916
56919
56925
56936
56955
56962
56963
56964
56969
56972
56972
56992
56992
56999
56999
57013
57014
57024
57033
57048
57055
57056
57056
57061
57067
57071
57078
57079
57080
57081
57082
57103
57108
57109
57113
57119
57138
57141
57143
57145
57149
57155
57157
57177
57182
57191
57198
57202
57208
57213
57226
57236
57248
57249
57255
57265
57269
57271
57277
57296
57302
57310
57311
57312
57316
57321
57325
57341
57354
57365
57371
57376
57376
57383
57388
57404
57417
57418
57429
57433
57448
57468
57469
57477
57478
57482
57486
57495
57519
57526
57548
57562
57572
57578
57600
57605
57618
57634
57643
57654
57654
57655
57668
57668
57670
57672
57682
57693
57718
57735
57736
57740
57759
57768
57770
57777
57777
57779
57779
57780
57786
57789
57795
57802
57805
57811
57816
57821
57841
57842
57853
57867
57880
57889
57895
57896
57907
57915
57920
57946
57952
57958
57969
57978
57997
58004
58014
58014
58016
58017
58022
58027
58046
58068
58070
58072
58077
58092
58101
58106
58107
58118
58120
58133
58140
58143
58152
58159
58160
58166
58176
58183
58202
58222
58228
58237
58240
58244
58250
58256
58258
58299
58303
58326
58336
58342
58343
58343
58348
58350
58350
58353
58360
58364
58386
58389
58401
58405
58409
58425
58428
58448
58482
58495
58496
58497
58507
58508
58526
58531
58533
58538
58540
58556
58561
58563
58585
58586
58590
58594
58602
58612
58617
58618
58626
58628
58641
58651
58651
58658
58661
58664
58665
58666
58668
58673
58673
58684
58697
58704
58714
58720
58725
58730
58732
58752
58762
58766
58792
58794
58798
58808
58811
58814
58848
58855
58856
58857
58859
58905
58919
58939
58971
58972
58985
58985
58991
59015
59028
59038
59041
59056
59060
59061
59066
59069
59079
59083
59104
59126
59130
59135
59141
59146
59147
59162
59178
59181
59187
59199
59202
59205
59209
59213
59242
59244
59244
59245
59247
59253
59259
59271
59281
59327
59347
59348
59358
59367
59393
59400
59411
59415
59426
59434
59439
59443
59456
59458
59458
59461
59464
59474
59497
59499
59506
59520
59521
59522
59529
59536
59537
59576
59579
59597
59601
59603
59604
59618
59618
59619
59632
59640
59641
59641
59647
59655
59658
59679
59683
59688
59692
59694
59700
59701
59701
59702
59722
59724
59730
59731
59742
59756
59764
59773
59784
59786
59787
59802
59815
59815
59815
59826
59829
59832
59834
59850
59866
59869
59888
59898
59902
59914
59917
59922
59952
59961
59965
59971
59972
59979
59980
59997
60021
60021
60023
60029
60062
60070
60070
60072
60083
60088
60091
60104
60111
60129
60141
60142
60163
60168
60172
60179
60179
60182
60189
60190
60196
60207
60209
60218
60221
60229
60239
60246
60270
60308
60312
60328
60336
60343
60347
60355
60357
60367
60368
60384
60385
60404
60405
60415
60436
60445
60453
60466
60475
60490
60516
60523
60526
60528
60539
60556
60556
60570
60574
60578
60597
60601
60605
60626
60627
60631
60631
60636
60648
60649
60664
60677
60680
60682
60684
60692
60696
60699
60701
60711
60715
60722
60729
60742
60766
60773
60777
60779
60783
60795
60804
60811
60817
60824
60828
60841
60848
60851
60869
60886
60895
60903
60915
60916
60971
60973
60985
60993
61003
61003
61034
61042
61044
61044
61054
61060
61071
61089
61090
61110
61128
61132
61143
61146
61147
61162
61164
61193
61203
61206
61206
61220
61232
61236
61239
61242
61252
61253
61255
61274
61280
61281
61287
61291
61292
61300
61310
61311
61320
61345
61347
61379
61384
61385
61399
61410
61450
61464
61469
61485
61520
61549
61556
61557
61560
61571
61571
61575
61579
61580
61615
61631
61648
61653
61661
61663
61674
61677
61692
61692
61710
61755
61759
61759
61767
61791
61801
61807
61821
61826
61834
61837
61838
61867
61879
61881
61884
61884
61884
61913
61923
61927
61936
61937
61987
61992
62002
62010
62014
62015
62018
62024
62035
62038
62038
62039
62061
62063
62064
62065
62070
62075
62077
62089
62091
62098
62108
62112
62124
62129
62148
62161
62167
62168
62185
62188
62196
62197
62210
62216
62221
62226
62237
62238
62241
62244
62263
62265
62272
62272
62275
62279
62291
62291
62308
62312
62333
62351
62361
62380
62393
62401
62402
62403
62411
62415
62415
62422
62426
62451
62456
62457
62458
62459
62465
62483
62491
62493
62496
62503
62505
62508
62537
62540
62551
62570
62572
62595
62599
62604
62608
62609
62616
62619
62630
62640
62649
62655
62672
62685
62695
62712
62713
62726
62736
62739
62741
62748
62752
62753
62757
62761
62767
62767
62769
62799
62808
62809
62825
62829
62833
62835
62850
62852
62855
62862
62871
62873
62879
62880
62884
62888
62902
62905
62914
62920
62920
62936
62950
62966
62975
62986
62986
62991
62994
63006
63014
63017
63019
63025
63026
63034
63037
63048
63065
63068
63072
63072
63085
63093
63097
63097
63098
63103
63103
63107
63109
63110
63114
63116
63120
63126
63148
63160
63167
63171
63173
63180
63191
63194
63198
63200
63228
63237
63238
63252
63253
63272
63285
63287
63288
63290
63293
63297
63300
63310
63317
63322
63341
63342
63342
63343
63346
63355
63376
63396
63398
63400
63404
63440
63442
63443
63443
63456
63459
63461
63484
63491
63497
63504
63509
63509
63520
63521
63524
63525
63530
63530
63538
63548
63551
63553
63565
63579
63580
63585
63612
63620
63629
63635
63657
63661
63662
63665
63669
63683
63684
63685
63689
63697
63699
63704
63711
63720
63720
63728
63731
63738
63759
63769
63772
63775
63777
63779
63784
63794
63811
63813
63822
63827
63828
63835
63840
63845
63874
63882
63911
63913
63913
63915
63920
63922
63923
63934
63937
63940
63941
63951
63983
63985
63991
63998
64002
64008
64044
64057
64058
64078
64090
64103
64106
64109
64114
64115
64125
64143
64151
64158
64159
64160
64166
64173
64181
64181
64190
64191
64207
64211
64215
64218
64226
64228
64228
64246
64259
64260
64264
64268
64277
64283
64288
64293
64305
64306
64311
64323
64327
64344
64366
64372
64381
64388
64395
64396
64404
64410
64420
64430
64431
64445
64454
64456
64458
64462
64465
64465
64486
64488
64501
64510
64519
64553
64560
64572
64576
64592
64599
64601
64604
64608
64632
64637
64639
64649
64650
64651
64651
64654
64671
64678
64678
64687
64701
64736
64774
64795
64797
64822
64826
64829
64832
64837
64841
64843
64845
64846
64847
64850
64875
64904
64909
64913
64916
64917
64933
64953
64957
64974
64978
64980
64981
64982
64982
64988
64990
64990
64993
65009
65027
65029
65063
65065
65073
65078
65092
65093
65103
65139
65148
65150
65188
65194
65205
65220
65239
65240
65241
65245
65246
65257
65262
65263
65268
65271
65273
65292
65293
65309
65319
65323
65344
65365
65380
65395
65409
65414
65432
65459
65462
65489
65511
65516
65518
65518
65520
65529
65530
65534
65535
